Precision: 0.9421487603305785
Recall: 0.926829268292683
F1 Score: 0.9344262295081968
