Precision: 0.8761061946902655
Recall: 0.908256880733945
F1 Score: 0.891891891891892
