Precision: 0.9574468085106383
Recall: 0.8035714285714286
F1 Score: 0.8737864077669905
