Precision: 0.9636363636363636
Recall: 0.7464788732394366
F1 Score: 0.8412698412698413
