Precision: 0.9523809523809523
Recall: 0.9090909090909091
F1 Score: 0.9302325581395349
