Precision: 0.8833333333333333
Recall: 0.9636363636363636
F1 Score: 0.9217391304347826
