Precision: 1.0
Recall: 0.9523809523809523
F1 Score: 0.975609756097561
