Precision: 0.8135593220338984
Recall: 0.9411764705882353
F1 Score: 0.8727272727272728
