Precision: 0.9743589743589743
Recall: 0.9047619047619048
F1 Score: 0.9382716049382716
