Precision: 0.967741935483871
Recall: 0.8333333333333334
F1 Score: 0.8955223880597015
