Precision: 0.9342105263157895
Recall: 0.8987341772151899
F1 Score: 0.9161290322580645
