Precision: 0.7614678899082569
Recall: 0.9651162790697675
F1 Score: 0.8512820512820513
