Precision: 0.983739837398374
Recall: 0.6797752808988764
F1 Score: 0.8039867109634551
